anom,
31,
70,
119,
133,
138,
232,
258,
272,
303,
343,
397,
433,
451,
487,
561,
654,
775,
819,
896,
913,
985,
1036,
1081,
1164,
1171,
1217,
1361,
1375,
1438,
1461,
1539,
1752,
1780,
1800,
1875,
1900,
1920,
1950,
2004,
2013,
2081,
2140,
2178,
2187,
2201,
2214,
2225,
2231,
2255,
2267,
2563,
2583,
2592,
2608,
2644,
2684,
2829,
2911,
3166,
3173,
3232,
3268,
3384,
3426,
3441,
3442,
3487,
3621,
3630,
3650,
3711,
3712,
3713,
3781,
4116,
4159,
4192,
4263,
4301,
4321,
4361,
4662,
4738,
4849,
4854,
4872,
4899,
4920,
4934,
5047,
5082,
5147,
5160,
5223,
5260,
5383,
5419,
5431,
5457,
5490,
5504,
5515,
5536,
5541,
5707,
5708,
5709,
5767,
5770,
5881,
5890,
5898,
5934,
6074,
6097,
6120,
6144,
6204,
6207,
6305,
6353,
6373,
6415,
6494,
6513,
6556,
6573,
6600,
6617,
6622,
6625,
6864,
6906,
6974,
6975,
7091,
7118,
7128,
7129,
7170,
7222,
7229,
7244,
7264,
7473,
7576,
7716,
7725,
7751,
7867,
7939,
8071,
8270,
8337,
8452,
8455,
8460,
8542,
8599,
8608,
8635,
8640,
8685,
8725,
8749,
8785,
8872,
8928,
8972,
8984,
9055,
9098,
9112,
9123,
9196,
9201,
9216,
9296,
9310,
9372,
9465,
9531,
9542,
9614,
9621,
9641,
9778,
9780,
9793,
9851,
9884,
9887,
